pdfOnResDK.BBBadD0NumEvts =  6324.7 +/- 125.71 L(0 - 1e+06) 
pdfOnResDK.DpiGoodD0NumEvts =  28.017 +/- 14.471 L(0 - 1e+06) 
pdfOnResDK.asymSigGoodD = -0.160706 +/- 0.20294 L(-1 - 1) 
pdfOnResDK.charmlessNumEvts =  0.00082961 +/- 11.640 L(0 - 1e+06) 
pdfOnResDK.globalAsym =  0.018174 +/- 0.0046002 L(-1 - 1) 
pdfOnResDK.qqBadD0NumEvts =  40056 +/- 215.52 L(0 - 1e+06) 
pdfOnResDK.sigGoodD0NumEvts =  95.246 +/- 16.064 L(0 - 1e+06) 


