effPdf.c0 =  1.0000 C L(-100 - 100) 
effPdf.s5 = -15.2486 +/- 5.4416 L(-100 - 100) 
effPdf.a1 =  0.088996 +/- 7.5886 L(-100 - 100) 
effPdf.s1 =  99.890 +/- 3.8800 L(-100 - 100) 
effPdf.a2 =  0.13778 +/- 6.5166 L(-100 - 100) 
effPdf.s2 = -22.3384 +/- 1.8914 L(-100 - 100) 
effPdf.a3 = -0.0396501 +/- 1.3976 L(-100 - 100) 
effPdf.s3 =  1.1504 +/- 0.58075 L(-100 - 100) 
effPdf.a4 = -0.179733 +/- 1.5149 L(-100 - 100) 
effPdf.s4 = -2.40017 +/- 1.5796 L(-100 - 100) 
