//////////////////////////////////////////////////////////////
                   *GoodD efficiency
//////////////////////////////////////////////////////////////

// The asymmetric parameters from the fit:

// eff.a1 = -378.77 +/- 2958.8
// eff.a2 = -231.93 +/- 2507.2
// eff.a3 =  69.675 +/- 532.78
// eff.a4 =  315.74 +/- 577.09


// Right now we're setting them to 0:

eff.a1 =  0 +/- 2958.8
eff.a2 =  0 +/- 2507.2
eff.a3 =  0 +/- 532.78
eff.a4 =  0 +/- 577.09

eff.c0 =  1.0000 C
eff.s1 =  69888 +/- 2067.9
eff.s2 = -27566 +/- 825.09
eff.s3 =  3657.1 +/- 211.25
eff.s4 =  7778.9 +/- 550.92
eff.s5 = -43660 +/- 2078.7
//$
//         8754406       -7285078      1476859.6      1257380.1      37411.008      6460.9893      -3967.574     -5382.9385     -2302.3018
//        -7285078        6285805     -1311616.9     -1086454.4     -74021.906      229.31343      4241.5781      5953.8457      13824.767
//       1476859.6     -1311616.9      283851.16      204747.75       17265.67       -181.798     -986.38812     -1209.5046     -3726.2932
//       1257380.1     -1086454.4      204747.75      333033.53      34516.762     -3822.6592     -786.41022     -2068.4568     -6946.8403
//       37411.008     -74021.906       17265.67      34516.762      4276085.5     -1015536.3      30660.066      114236.66       -1842000
//       6460.9893      229.31343       -181.798     -3822.6592     -1015536.3      680770.25     -142860.47     -43943.559      221520.41
//       -3967.574      4241.5781     -986.38812     -786.41022      30660.066     -142860.47      44625.488      -8379.835      95936.727
//      -5382.9385      5953.8457     -1209.5046     -2068.4568      114236.66     -43943.559      -8379.835      303508.72       -1034977
//      -2302.3018      13824.767     -3726.2932     -6946.8403       -1842000      221520.41      95936.727       -1034977        4320937
//$


//////////////////////////////////////////////////////////////
                  *BadD efficiency 
//////////////////////////////////////////////////////////////

// The asymmetric parameters from the fit:

// effOther.a1 = -0.051695 +/- 0.073605
// effOther.a2 =  0.024999 +/- 0.061690
// effOther.a3 = -0.0040522 +/- 0.012971
// effOther.a4 =  0.0045860 +/- 0.013847

// Right now we're setting them to 0:


effOther.a1 =  0 +/- 0.073605
effOther.a2 =  0 +/- 0.061690
effOther.a3 =  0 +/- 0.012971
effOther.a4 =  0 +/- 0.013847

effOther.c0 =  1.0000 C
effOther.s1 =  0.77373 +/- 0.039035
effOther.s2 = -0.36003 +/- 0.019003
effOther.s3 =  0.054053 +/- 0.0048328
effOther.s4 =  0.073607 +/- 0.012455
effOther.s5 = -0.43522 +/- 0.047775
//$
//    0.0054177167   -0.004465099  0.00089801138  0.00077020773 -1.5144464e-05  7.8329404e-06 -1.3349264e-06 -1.1362387e-06  7.2396037e-06
//    -0.004465099   0.0038056793 -0.00078652147 -0.00065719592 -3.3135586e-06  -4.326575e-06  1.5206429e-06  9.4715193e-07  1.3000814e-06
//   0.00089801138 -0.00078652147  0.00016823603  0.00012393546  1.6936477e-06  8.2747079e-07 -3.7607876e-07 -1.3626124e-07 -9.6780172e-07
//   0.00077020773 -0.00065719592  0.00012393546  0.00019173826  8.5295815e-06 -8.7536893e-07   -2.39152e-07 -4.5484839e-07 -2.5424833e-06
//  -1.5144464e-05 -3.3135586e-06  1.6936477e-06  8.5295815e-06   0.0015237255 -0.00047140583  3.4821554e-05  0.00010980258 -0.00090423814
//   7.8329404e-06  -4.326575e-06  8.2747079e-07 -8.7536893e-07 -0.00047140583  0.00036111532 -7.8439545e-05 -2.9522729e-05  0.00012050713
//  -1.3349264e-06  1.5206429e-06 -3.7607876e-07   -2.39152e-07  3.4821554e-05 -7.8439545e-05  2.3356124e-05  -5.318966e-06  4.7259695e-05
//  -1.1362387e-06  9.4715193e-07 -1.3626124e-07 -4.5484839e-07  0.00010980258 -2.9522729e-05  -5.318966e-06  0.00015511824  -0.0005483547
//   7.2396037e-06  1.3000814e-06 -9.6780172e-07 -2.5424833e-06 -0.00090423814  0.00012050713  4.7259695e-05  -0.0005483547   0.0022824889
//$
