//////////////////////////////////////////////////////////////
                   *GoodD efficiency
//////////////////////////////////////////////////////////////

// The asymmetric parameters from the fit:


// eff.a1 =  1.6541 +/- 12.166
// eff.a2 = -3.1348 +/- 10.313
// eff.a3 =  0.71686 +/- 2.1890
// eff.a4 =  1.4525 +/- 2.3331

// Right now we're setting them to 0:

eff.a1 =  0 +/- 12.166
eff.a2 =  0 +/- 10.313
eff.a3 =  0 +/- 2.1890
eff.a4 =  0 +/- 2.3331
eff.c0 =  1.0000 C
eff.s1 =  275.95 +/- 8.1005
eff.s2 = -113.31 +/- 3.2928
eff.s3 =  15.739 +/- 0.83656
eff.s4 =  29.817 +/- 2.1926
eff.s5 = -165.73 +/- 8.2365
//$
//       148.00308     -123.37279      25.059715      21.229027     0.95639086    -0.19310427  -0.0036018628   0.0067414031     -0.3556467
//      -123.37279      106.36602     -22.194836     -18.320457      -1.323848     0.23492098     0.01368473   0.0096341046     0.44880021
//       25.059715     -22.194836      4.7919092      3.4761851     0.29837441   -0.049871162  -0.0043773884  -0.0010764444    -0.10627634
//       21.229027     -18.320457      3.4761851      5.4432673     0.51577103   -0.092525288  -0.0026374459   -0.019379262    -0.12211299
//      0.95639086      -1.323848     0.29837441     0.51577103      65.617615     -16.238058     0.62655574      1.7968863     -27.764963
//     -0.19310427     0.23492098   -0.049871162   -0.092525288     -16.238058       10.84231     -2.2664449    -0.66927665      3.4167886
//   -0.0036018628     0.01368473  -0.0043773884  -0.0026374459     0.62655574     -2.2664449     0.69982678     -0.1385175      1.4693062
//    0.0067414031   0.0096341046  -0.0010764444   -0.019379262      1.7968863    -0.66927665     -0.1385175       4.807333     -16.416082
//      -0.3556467     0.44880021    -0.10627634    -0.12211299     -27.764963      3.4167886      1.4693062     -16.416082      67.840096
//$




//////////////////////////////////////////////////////////////
                  *BadD efficiency 
//////////////////////////////////////////////////////////////

// The asymmetric parameters from the fit:

// effOther.a1 = -0.012953 +/- 0.068700
// effOther.a2 = -0.0043241 +/- 0.057581
// effOther.a3 =  0.0021180 +/- 0.012087
// effOther.a4 =  0.0064550 +/- 0.012731

// Right now we're setting them to 0:


effOther.a1 =  0 +/- 0.068700
effOther.a2 =  0 +/- 0.057581
effOther.a3 =  0 +/- 0.012087
effOther.a4 =  0 +/- 0.012731
effOther.c0 =  1.0000 C
effOther.s1 =  0.55634 +/- 0.034682
effOther.s2 = -0.27116 +/- 0.017130
effOther.s3 =  0.042309 +/- 0.0043628
effOther.s4 =  0.042784 +/- 0.011514
effOther.s5 = -0.27245 +/- 0.044086
//$
//    0.0047197025  -0.0038942273  0.00078413024  0.00067063182 -3.9227296e-05 -3.5180926e-06  8.9698333e-06 -0.00010534659  0.00038064554
//   -0.0038942273   0.0033155726 -0.00068483548 -0.00057147734  2.2276259e-05  4.5369352e-06 -7.3456413e-06  8.9621928e-05  -0.0003186471
//   0.00078413024 -0.00068483548  0.00014608963  0.00010835825 -3.7244649e-06 -1.0030452e-06  1.4716934e-06 -1.8508212e-05  6.5365675e-05
//   0.00067063182 -0.00057147734  0.00010835825  0.00016207894  9.2558719e-07 -1.7698612e-06  1.2710832e-06 -1.5453648e-05  5.2943331e-05
//  -3.9227296e-05  2.2276259e-05 -3.7244649e-06  9.2558719e-07   0.0012028274 -0.00037924701  2.8974096e-05  9.4522977e-05 -0.00073782541
//  -3.5180926e-06  4.5369352e-06 -1.0030452e-06 -1.7698612e-06 -0.00037924701  0.00029343835 -6.3941508e-05 -2.3851766e-05  9.5808668e-05
//   8.9698333e-06 -7.3456413e-06  1.4716934e-06  1.2710832e-06  2.8974096e-05 -6.3941508e-05   1.903359e-05 -5.0535577e-06  4.0625309e-05
//  -0.00010534659  8.9621928e-05 -1.8508212e-05 -1.5453648e-05  9.4522977e-05 -2.3851766e-05 -5.0535577e-06  0.00013257298  -0.0004706787
//   0.00038064554  -0.0003186471  6.5365675e-05  5.2943331e-05 -0.00073782541  9.5808668e-05  4.0625309e-05  -0.0004706787   0.0019435751
//$
