pdfOnResDK.BBbadD0N.nnCombPdf.bifur.mean =  0.26059 +/- 0.10836 
pdfOnResDK.BBbadD0N.nnCombPdf.bifur.sigl =  1.3537 +/- 0.093123 
pdfOnResDK.BBbadD0N.nnCombPdf.bifur.sigr =  0.34589 +/- 0.085199 
pdfOnResDK.BBbadD0N.nnCombPdf.fracGauss =  0.55498 +/- 0.085426 L(0 - 1) 
pdfOnResDK.BBbadD0N.nnCombPdf.gauss.b = -0.29270 +/- 0.037207 
pdfOnResDK.BBbadD0N.nnCombPdf.gauss.s =  0.58639 +/- 0.035362 
//$
//     0.011742651   0.0075582848   -0.007452026   0.0043249181  -0.0014677598   0.0015186963
//    0.0075582848   0.0086718127  -0.0054090759   0.0062626787 -0.00030690097   0.0015392824
//    -0.007452026  -0.0054090759   0.0072589419  -0.0045786723  -0.0001729472  -0.0022034047
//    0.0043249181   0.0062626787  -0.0045786723   0.0072976057  0.00030463043   0.0021034442
//   -0.0014677598 -0.00030690097  -0.0001729472  0.00030463043   0.0013843578  0.00021042468
//    0.0015186963   0.0015392824  -0.0022034047   0.0021034442  0.00021042468   0.0012504783
//$

pdfOnResDK.BBgoodD0N.nnCombPdf.bifur.mean =  1.3848 +/- 0.20938 C 
pdfOnResDK.BBgoodD0N.nnCombPdf.bifur.sigl =  0.36599 +/- 0.14194 C 
pdfOnResDK.BBgoodD0N.nnCombPdf.bifur.sigr =  0.41266 +/- 0.14358 C 
pdfOnResDK.BBgoodD0N.nnCombPdf.fracGauss =  1.0000 C L(0 - 1) 
pdfOnResDK.BBgoodD0N.nnCombPdf.gauss.b =  0.29094 +/- 0.085752 
pdfOnResDK.BBgoodD0N.nnCombPdf.gauss.s =  0.48508 +/- 0.060636 
//$
//    0.0073533356  2.1396909e-06
//   2.1396909e-06   0.0036766678
//$

pdfOnResDK.sigBadD0N.nnCombPdf.bifur.mean =  0.38119 +/- 0.036297 
pdfOnResDK.sigBadD0N.nnCombPdf.bifur.sigl =  1.1488 +/- 0.027839 
pdfOnResDK.sigBadD0N.nnCombPdf.bifur.sigr =  0.39174 +/- 0.025968 
pdfOnResDK.sigBadD0N.nnCombPdf.fracGauss =  0.43272 +/- 0.036583 L(0 - 1) 
pdfOnResDK.sigBadD0N.nnCombPdf.gauss.b =  0.12595 +/- 0.026022 
pdfOnResDK.sigBadD0N.nnCombPdf.gauss.s =  0.60581 +/- 0.011954 
//$
//    0.0013174925  0.00075831631   -0.000710261  0.00057254697 -0.00061229704   0.0002576051
//   0.00075831631  0.00077501714 -0.00042201119  0.00082077517 -0.00044432373  0.00013374691
//    -0.000710261 -0.00042201119  0.00067432225 -0.00043303054  0.00011801544  -0.0002193595
//   0.00057254697  0.00082077517 -0.00043303054   0.0013383045 -0.00048379716  0.00017161883
//  -0.00061229704 -0.00044432373  0.00011801544 -0.00048379716  0.00067713612 -0.00011587374
//    0.0002576051  0.00013374691  -0.0002193595  0.00017161883 -0.00011587374  0.00014289173
//$

pdfOnResDK.sigGoodD0N.nnCombPdf.bifur.mean =  0.59348 +/- 0.017010 
pdfOnResDK.sigGoodD0N.nnCombPdf.bifur.sigl =  1.0616 +/- 0.013944 
pdfOnResDK.sigGoodD0N.nnCombPdf.bifur.sigr = -0.12331 +/- 0.014264 
pdfOnResDK.sigGoodD0N.nnCombPdf.fracGauss =  0.66562 +/- 0.011721 L(0 - 1) 
pdfOnResDK.sigGoodD0N.nnCombPdf.gauss.b =  0.45841 +/- 0.0078736 
pdfOnResDK.sigGoodD0N.nnCombPdf.gauss.s =  0.51108 +/- 0.0033090 
//$
//   0.00028934621  0.00016115874  0.00021031215  6.1901177e-05 -4.8746024e-05   2.342064e-05
//   0.00016115874  0.00019443866  0.00011727019  0.00012796873 -7.9939156e-05  2.3438901e-05
//   0.00021031215  0.00011727019  0.00020345155  5.4385422e-05 -2.3314662e-05  9.9020072e-06
//   6.1901177e-05  0.00012796873  5.4385422e-05  0.00013737188 -7.9291771e-05  2.1041107e-05
//  -4.8746024e-05 -7.9939156e-05 -2.3314662e-05 -7.9291771e-05  6.1993989e-05 -1.8344417e-05
//    2.342064e-05  2.3438901e-05  9.9020072e-06  2.1041107e-05 -1.8344417e-05  1.0949775e-05
//$

pdfOnResDK.DKXN.nnCombPdf.bifur.mean = -1.1126 +/- 0.20309
pdfOnResDK.DKXN.nnCombPdf.bifur.sigl =  0.94148 +/- 0.093273
pdfOnResDK.DKXN.nnCombPdf.bifur.sigr =  0.40000 +/- 0.0050266 L(0.4 - +INF)
pdfOnResDK.DKXN.nnCombPdf.fracGauss =  0.84270 +/- 0.054020 L(0 - 1)
pdfOnResDK.DKXN.nnCombPdf.gauss.b = -0.11364 +/- 0.060345
pdfOnResDK.DKXN.nnCombPdf.gauss.s =  0.62279 +/- 0.035790
//$
//      0.04124438   0.0061982865 -7.3410733e-06  -0.0089635085    0.008749391  -0.0041262023
//    0.0061982865   0.0086997962 -1.3419318e-06  0.00045166913   -0.000885082  0.00081642508
//  -7.3410733e-06 -1.3419318e-06  2.5267191e-05 -6.0534444e-07 -3.2549045e-07  7.3276715e-07
//   -0.0089635085  0.00045166913 -6.0534444e-07    0.002918212  -0.0029232842   0.0015777964
//     0.008749391   -0.000885082 -3.2549045e-07  -0.0029232842   0.0036415646  -0.0017496452
//   -0.0041262023  0.00081642508  7.3276715e-07   0.0015777964  -0.0017496452   0.0012809188
//$

pdfOnResDK.DpiBadD0N.nnCombPdf.bifur.mean =  0.0000 C 
pdfOnResDK.DpiBadD0N.nnCombPdf.bifur.sigl =  1.0000 C 
pdfOnResDK.DpiBadD0N.nnCombPdf.bifur.sigr =  1.0000 C 
pdfOnResDK.DpiBadD0N.nnCombPdf.fracGauss =  1.0000 C L(0 - 1) 
pdfOnResDK.DpiBadD0N.nnCombPdf.gauss.b = -0.17552 +/- 0.077727 
pdfOnResDK.DpiBadD0N.nnCombPdf.gauss.s =  0.83715 +/- 0.054962 
//$
//     0.006041538  2.3260504e-06
//   2.3260504e-06   0.0030207701
//$

pdfOnResDK.DpiGoodD0N.nnCombPdf.bifur.mean =  0.46377 +/- 0.074963 
pdfOnResDK.DpiGoodD0N.nnCombPdf.bifur.sigl =  0.57147 +/- 0.073553 
pdfOnResDK.DpiGoodD0N.nnCombPdf.bifur.sigr =  0.36286 +/- 0.076438 
pdfOnResDK.DpiGoodD0N.nnCombPdf.fracGauss =  0.14869 +/- 0.097915 L(0 - 1) 
pdfOnResDK.DpiGoodD0N.nnCombPdf.gauss.b = -0.23449 +/- 0.30281 
pdfOnResDK.DpiGoodD0N.nnCombPdf.gauss.s =  1.0962 +/- 0.18546 
//$
//    0.0056193946    0.002012844  -0.0048375009   0.0026510572    0.011471929  -0.0018886378
//     0.002012844   0.0054100445  7.6164128e-05  -0.0044253757   -0.004940955   0.0085366108
//   -0.0048375009  7.6164128e-05   0.0058428105  -0.0050124289   -0.017427381   0.0049720788
//    0.0026510572  -0.0044253757  -0.0050124289   0.0095874136     0.02233484   -0.014097404
//     0.011471929   -0.004940955   -0.017427381     0.02233484    0.091694891   -0.025720112
//   -0.0018886378   0.0085366108   0.0049720788   -0.014097404   -0.025720112    0.034396049
//$

pdfOnResDK.DPiXN.nnCombPdf.bifur.mean = -0.14586 +/- 0.13510 
pdfOnResDK.DPiXN.nnCombPdf.bifur.sigl =  1.3866 +/- 0.086224 
pdfOnResDK.DPiXN.nnCombPdf.bifur.sigr = -0.37767 +/- 0.091130 
pdfOnResDK.DPiXN.nnCombPdf.fracGauss =  0.70192 +/- 0.045080 L(0 - 1) 
pdfOnResDK.DPiXN.nnCombPdf.gauss.b = -0.52767 +/- 0.025163 
pdfOnResDK.DPiXN.nnCombPdf.gauss.s =  0.60768 +/- 0.015399 
//$
//     0.018250715   0.0084537407   0.0092067402  0.00066162751  -0.0019844682  0.00068473158
//    0.0084537407   0.0074345008   0.0045767766   0.0024044502  -0.0010973261  0.00049401307
//    0.0092067402   0.0045767766   0.0083046136   0.0012933814 -0.00025361605  0.00088625122
//   0.00066162751   0.0024044502   0.0012933814   0.0020321705 -0.00017741929  0.00034869424
//   -0.0019844682  -0.0010973261 -0.00025361605 -0.00017741929  0.00063317112 -3.7262296e-05
//   0.00068473158  0.00049401307  0.00088625122  0.00034869424 -3.7262296e-05  0.00023712296
//$

pdfOnResDK.ContBadD0N.nnCombPdf.bifur.mean =  0.23516 +/- 0.11120 
pdfOnResDK.ContBadD0N.nnCombPdf.bifur.sigl =  1.2865 +/- 0.077693 
pdfOnResDK.ContBadD0N.nnCombPdf.bifur.sigr =  0.31122 +/- 0.065481 
pdfOnResDK.ContBadD0N.nnCombPdf.fracGauss =  0.55468 +/- 0.062686 L(0 - 1) 
pdfOnResDK.ContBadD0N.nnCombPdf.gauss.b = -0.37594 +/- 0.027788 
pdfOnResDK.ContBadD0N.nnCombPdf.gauss.s =  0.61861 +/- 0.016981 
//$
//     0.012365141   0.0076586786  -0.0068670143   0.0050325156   -0.001931023  0.00079351652
//    0.0076586786   0.0060361726  -0.0042386865   0.0041541113 -0.00093437714  0.00042298419
//   -0.0068670143  -0.0042386865   0.0042877477    -0.00296617   0.0008551497 -0.00061226083
//    0.0050325156   0.0041541113    -0.00296617   0.0039295913 -0.00061426894   0.0004901897
//    -0.001931023 -0.00093437714   0.0008551497 -0.00061426894  0.00077219366 -0.00013240062
//   0.00079351652  0.00042298419 -0.00061226083   0.0004901897 -0.00013240062  0.00028835158
//$

pdfOnResDK.ContGoodD0N.nnCombPdf.bifur.mean =  0.0000 +/- 0.10000 C 
pdfOnResDK.ContGoodD0N.nnCombPdf.bifur.sigl =  0.50000 +/- 0.10000 C 
pdfOnResDK.ContGoodD0N.nnCombPdf.bifur.sigr =  0.50000 +/- 0.10000 C 
pdfOnResDK.ContGoodD0N.nnCombPdf.fracGauss =  1.0000 C L(0 - 1) 
pdfOnResDK.ContGoodD0N.nnCombPdf.gauss.b =  0.30712 +/- 0.091169 
pdfOnResDK.ContGoodD0N.nnCombPdf.gauss.s =  0.67613 +/- 0.064430 
//$
//    0.0083117606  5.1185557e-06
//   5.1185557e-06   0.0041511767
//$

